{
 "cells": [
  {
   "cell_type": "code",
   "execution_count": 1,
   "metadata": {},
   "outputs": [],
   "source": [
    "import numpy as np\n",
    "from itertools import product\n",
    "import matplotlib.pyplot as plt\n",
    "import pandas as pd"
   ]
  },
  {
   "cell_type": "code",
   "execution_count": 66,
   "metadata": {},
   "outputs": [],
   "source": [
    "class Enet:\n",
    "    def __init__(self,dim,epsilon=0.5):\n",
    "        self.dim = dim\n",
    "        self.epsilon = epsilon\n",
    "        \n",
    "    def generate_epsilon_net3D(self):\n",
    "        \"\"\"\n",
    "        Generate an epsilon-net on a unit sphere in 3D.\n",
    "\n",
    "        Parameters:\n",
    "            epsilon (float): The maximum allowable distance between any point\n",
    "                            on the sphere and the closest point in the epsilon-net.\n",
    "\n",
    "        Returns:\n",
    "            np.ndarray: An array of points representing the epsilon-net on the unit sphere.\n",
    "        \"\"\"\n",
    "        # Calculate the number of divisions required based on epsilon\n",
    "        num_latitude = int(np.pi / self.epsilon) + 1  # Number of latitude lines\n",
    "        num_longitude = int(2 * np.pi / self.epsilon)  # Number of longitude lines\n",
    "\n",
    "        points = []\n",
    "\n",
    "        for i in range(num_latitude + 1):\n",
    "            # Latitude angle: from 0 to pi\n",
    "            theta = i * np.pi / num_latitude\n",
    "\n",
    "            for j in range(num_longitude):\n",
    "                # Longitude angle: from 0 to 2*pi\n",
    "                phi = j * 2 * np.pi / num_longitude\n",
    "\n",
    "                # Convert spherical coordinates to Cartesian coordinates\n",
    "                x = np.sin(theta) * np.cos(phi)\n",
    "                y = np.sin(theta) * np.sin(phi)\n",
    "                z = np.cos(theta)\n",
    "\n",
    "                points.append([x, y, z])\n",
    "        print(f\"Generated epsilon-net with {len(points)} points.\")\n",
    "        return np.array(points)\n",
    "\n",
    "    def generate_epsilon_net(self):\n",
    "        \"\"\"\n",
    "        Generate an epsilon-net on an n-dimensional unit sphere.\n",
    "\n",
    "        Parameters:\n",
    "            n (int): The dimensionality of the unit sphere.\n",
    "            epsilon (float): The maximum allowable distance between any point\n",
    "                            on the sphere and the closest point in the epsilon-net.\n",
    "\n",
    "        Returns:\n",
    "            np.ndarray: An array of points representing the epsilon-net on the unit sphere.\n",
    "        \"\"\"\n",
    "        # Calculate the number of points needed based on epsilon (approximation)\n",
    "        num_points = int((1+1/ self.epsilon) ** self.dim)\n",
    "        points = []\n",
    "\n",
    "        while len(points) < num_points:\n",
    "            # Generate a random point in n-dimensional space\n",
    "            point = np.random.normal(size=self.dim)\n",
    "            # Normalize the point to project it onto the unit sphere\n",
    "            point /= np.linalg.norm(point)\n",
    "            points.append(point)\n",
    "        print(f\"Generated epsilon-net with {len(points)} points.\")\n",
    "        return np.array(points)\n",
    "    \n",
    "    def generate_points_in_unit_ball(self,num_points):\n",
    "        \"\"\"\n",
    "        Generate points uniformly distributed inside the unit ball in 3D.\n",
    "\n",
    "        Parameters:\n",
    "            num_points (int): The number of points to generate.\n",
    "\n",
    "        Returns:\n",
    "            np.ndarray: An array of points within the unit ball.\n",
    "        \"\"\"\n",
    "        points = []\n",
    "        while len(points) < num_points:\n",
    "            # Generate a random point in the cube [-1, 1]^3\n",
    "            point = np.random.uniform(-1, 1, size=self.dim)\n",
    "            # Check if the point is inside the unit ball\n",
    "            # if np.linalg.norm(point) <= 1:\n",
    "            points.append(point/np.linalg.norm(point))\n",
    "        print(f\"Generated {len(points)} points on the unit sphere.\")\n",
    "        return np.array(points)\n",
    "    \n",
    "    def generate_gaussian_samples(self,num_samples):\n",
    "        \"\"\"\n",
    "        Generate 3-dimensional zero-mean Gaussian samples with a random PSD covariance matrix.\n",
    "\n",
    "        Parameters:\n",
    "            num_samples (int): The number of samples to generate.\n",
    "\n",
    "        Returns:\n",
    "            np.ndarray: An array of Gaussian samples.\n",
    "        \"\"\"\n",
    "        # Generate a random positive semi-definite (PSD) covariance matrix\n",
    "        A = np.random.randn(self.dim,self.dim)\n",
    "        covariance_matrix = np.dot(A, A.T)  # Ensures the matrix is symmetric and PSD\n",
    "        # covariance_matrix = np.eye(self.dim)\n",
    "        # Generate zero-mean Gaussian samples\n",
    "        samples = np.random.multivariate_normal(mean=np.zeros(self.dim), cov=covariance_matrix, size=num_samples)\n",
    "        print(f\"Generated {len(samples)} Gaussian samples.\")\n",
    "        print(\"Covariance matrix:\\n\",covariance_matrix)\n",
    "        return samples, covariance_matrix\n",
    "    \n",
    "    def width_gap(self):\n",
    "        if self.dim==3:\n",
    "            net_points = self.generate_epsilon_net3D()\n",
    "        else:\n",
    "            net_points = self.generate_epsilon_net()\n",
    "        ball_points = self.generate_points_in_unit_ball(10000)\n",
    "        gaussian_samples, covariance_matrix = self.generate_gaussian_samples(10000)\n",
    "\n",
    "        gap=[]\n",
    "        for theta in gaussian_samples:\n",
    "            maxa=np.max(np.dot(ball_points,theta.reshape(self.dim,1)))\n",
    "            maxb=np.max(np.dot(net_points,theta.reshape(self.dim,1)))\n",
    "            gap.append((maxa-maxb)/maxa)\n",
    "        print('Average Delata: ',np.average(gap))\n",
    "\n",
    "        bound = (self.epsilon**2)/2 #*np.sqrt(np.matrix.trace(covariance_matrix))\n",
    "        print('Upper bound: ',bound)\n",
    "        return np.average(gap),bound\n",
    "    "
   ]
  },
  {
   "cell_type": "code",
<<<<<<< HEAD
   "execution_count": null,
=======
   "execution_count": 67,
>>>>>>> 79ea472bbc97a7bad3b14c635900d1b344887a4e
   "metadata": {},
   "outputs": [],
   "source": [
    "def run_experiment(dim, epsilonrange, trials):\n",
    "        \"\"\"\n",
    "        Run multiple trials of generating epsilon-nets on the n-dimensional unit sphere\n",
    "        and collect experiment data.\n",
    "\n",
    "        Parameters:\n",
    "            trials (int): Number of trials to run.\n",
    "            dim (int): Dimensionality of the sphere.\n",
    "            epsilon (float): Epsilon value for the net.\n",
    "\n",
    "        Returns:\n",
    "            pd.DataFrame: Dataframe containing the experiment data.\n",
    "        \"\"\"\n",
    "        repeat = 3\n",
    "        data = []\n",
    "        for epsilon in np.linspace(epsilonrange[0],epsilonrange[1], num=trials):\n",
    "            for ignore in range(repeat):\n",
    "                net=Enet(dim,epsilon)\n",
    "                delta,bound=net.width_gap()\n",
    "                # Record data for this trial\n",
    "                data.append({\n",
    "                    \"Dimensionality\": dim,\n",
    "                    \"Cardinality\": int((np.ceil(1/ epsilon)) ** dim),\n",
    "                    \"Epsilon\": epsilon,\n",
    "                    \"Delta\": delta,\n",
    "                    \"Bound\": bound\n",
    "                })\n",
    "\n",
    "        return pd.DataFrame(data)"
   ]
  },
  {
   "cell_type": "code",
   "execution_count": 72,
   "metadata": {},
   "outputs": [
    {
     "data": {
      "text/plain": [
       "Epsilon\n",
       "0.1   -0.001022\n",
       "0.2    0.007761\n",
       "0.3    0.023033\n",
       "0.4    0.042556\n",
       "0.5    0.067289\n",
       "0.6    0.093041\n",
       "0.7    0.118303\n",
       "0.8    0.148622\n",
       "0.9    0.183485\n",
       "Name: Delta, dtype: float64"
      ]
     },
     "execution_count": 72,
     "metadata": {},
     "output_type": "execute_result"
    }
   ],
   "source": [
    "meandata['Delta']+stddata['Delta']"
   ]
  },
  {
   "cell_type": "code",
   "execution_count": 83,
   "metadata": {},
   "outputs": [],
   "source": [
    "def plotresults(dim):\n",
    "    experiment_data = run_experiment(dim,[0.1,0.9],9)\n",
    "    meandata=experiment_data.groupby('Epsilon').mean()\n",
    "    stddata=experiment_data.groupby('Epsilon').std()\n",
    "    fig, ax = plt.subplots(2, 1, sharex=True)\n",
    "    ax[0].plot(meandata.index,meandata['Bound'],c='r',label=r'Bound=$\\epsilon^2/2$')\n",
    "    ax[0].plot(meandata.index,meandata['Delta'],c='b',label='Expected Delta')\n",
    "    ax[0].fill_between(meandata.index,meandata['Delta']-stddata['Delta'],meandata['Delta']+stddata['Delta'],color='b',alpha=0.5)\n",
    "    ax[0].legend()\n",
    "    ax[0].set_title(f'{dim}-Dimensional Performance of '+r'$\\epsilon$-net')\n",
    "    ax[1].plot(meandata.index[1:],meandata['Cardinality'].tolist()[1:],c='c',label='Cardinality')\n",
    "    ax[1].legend()\n",
    "    ax[1].set_title(f'{dim}-Dimensional Cardinality of ' + r'$\\epsilon$-net')\n",
    "    ax[1].set_xlabel(r'$\\epsilon$')\n",
    "    plt.savefig(f'{dim}-Dimensional Performance-randompsd.pdf', bbox_inches='tight')"
   ]
  },
  {
   "cell_type": "code",
   "execution_count": 85,
   "metadata": {},
   "outputs": [
    {
     "name": "stdout",
     "output_type": "stream",
     "text": [
      "Generated epsilon-net with 2046 points.\n",
      "Generated 10000 points on the unit sphere.\n",
      "Generated 10000 Gaussian samples.\n",
      "Covariance matrix:\n",
      " [[ 3.2149127   1.8653821  -0.6452476 ]\n",
      " [ 1.8653821   4.21496533  0.32108262]\n",
      " [-0.6452476   0.32108262  0.29338537]]\n",
      "Average Delata:  0.000555294286160965\n",
      "Upper bound:  0.005000000000000001\n",
      "Generated epsilon-net with 2046 points.\n",
      "Generated 10000 points on the unit sphere.\n",
      "Generated 10000 Gaussian samples.\n",
      "Covariance matrix:\n",
      " [[ 1.68372541 -0.20744616  1.36718691]\n",
      " [-0.20744616  9.73627716  0.24095523]\n",
      " [ 1.36718691  0.24095523  1.9772033 ]]\n",
      "Average Delata:  0.0004835217375476943\n",
      "Upper bound:  0.005000000000000001\n",
      "Generated epsilon-net with 2046 points.\n",
      "Generated 10000 points on the unit sphere.\n",
      "Generated 10000 Gaussian samples.\n",
      "Covariance matrix:\n",
      " [[4.96229987 2.09517866 3.54369023]\n",
      " [2.09517866 1.41987421 0.62609692]\n",
      " [3.54369023 0.62609692 4.16029066]]\n",
      "Average Delata:  0.0004621899565443082\n",
      "Upper bound:  0.005000000000000001\n",
      "Generated epsilon-net with 527 points.\n",
      "Generated 10000 points on the unit sphere.\n",
      "Generated 10000 Gaussian samples.\n",
      "Covariance matrix:\n",
      " [[ 3.28775435 -2.72476611  0.52315438]\n",
      " [-2.72476611  5.0831365   1.25603311]\n",
      " [ 0.52315438  1.25603311  1.59367566]]\n",
      "Average Delata:  0.0027149715851365656\n",
      "Upper bound:  0.020000000000000004\n",
      "Generated epsilon-net with 527 points.\n",
      "Generated 10000 points on the unit sphere.\n",
      "Generated 10000 Gaussian samples.\n",
      "Covariance matrix:\n",
      " [[1.14964019 0.34033687 1.07957808]\n",
      " [0.34033687 0.65090401 1.00160938]\n",
      " [1.07957808 1.00160938 1.92380688]]\n",
      "Average Delata:  0.0023601724640378687\n",
      "Upper bound:  0.020000000000000004\n",
      "Generated epsilon-net with 527 points.\n",
      "Generated 10000 points on the unit sphere.\n",
      "Generated 10000 Gaussian samples.\n",
      "Covariance matrix:\n",
      " [[ 7.60472553 -0.1237149  -3.14657184]\n",
      " [-0.1237149   2.30832657 -4.48053724]\n",
      " [-3.14657184 -4.48053724 10.6006352 ]]\n",
      "Average Delata:  0.0023250239189708216\n",
      "Upper bound:  0.020000000000000004\n",
      "Generated epsilon-net with 240 points.\n",
      "Generated 10000 points on the unit sphere.\n",
      "Generated 10000 Gaussian samples.\n",
      "Covariance matrix:\n",
      " [[ 2.08655272 -1.13020778 -0.53563597]\n",
      " [-1.13020778  1.82080465 -0.81998081]\n",
      " [-0.53563597 -0.81998081  5.66734551]]\n",
      "Average Delata:  0.005268944452624917\n",
      "Upper bound:  0.04500000000000001\n",
      "Generated epsilon-net with 240 points.\n",
      "Generated 10000 points on the unit sphere.\n",
      "Generated 10000 Gaussian samples.\n",
      "Covariance matrix:\n",
      " [[ 1.84246826 -0.18561578 -0.66226905]\n",
      " [-0.18561578  0.71873206 -0.0194984 ]\n",
      " [-0.66226905 -0.0194984   2.88104541]]\n",
      "Average Delata:  0.005330503411569332\n",
      "Upper bound:  0.04500000000000001\n",
      "Generated epsilon-net with 240 points.\n",
      "Generated 10000 points on the unit sphere.\n",
      "Generated 10000 Gaussian samples.\n",
      "Covariance matrix:\n",
      " [[ 1.64234745  0.43530657 -1.1102755 ]\n",
      " [ 0.43530657  4.98421242 -2.83531623]\n",
      " [-1.1102755  -2.83531623  3.39445286]]\n",
      "Average Delata:  0.005985811151496818\n",
      "Upper bound:  0.04500000000000001\n",
      "Generated epsilon-net with 135 points.\n",
      "Generated 10000 points on the unit sphere.\n",
      "Generated 10000 Gaussian samples.\n",
      "Covariance matrix:\n",
      " [[ 4.18243486  2.33695445 -2.20142736]\n",
      " [ 2.33695445  3.9748014  -1.07105132]\n",
      " [-2.20142736 -1.07105132  1.16823554]]\n",
      "Average Delata:  0.011092815217886414\n",
      "Upper bound:  0.08000000000000002\n",
      "Generated epsilon-net with 135 points.\n",
      "Generated 10000 points on the unit sphere.\n",
      "Generated 10000 Gaussian samples.\n",
      "Covariance matrix:\n",
      " [[ 1.36682661  2.28269801 -0.57501318]\n",
      " [ 2.28269801 13.02185662  1.77190207]\n",
      " [-0.57501318  1.77190207  1.07767156]]\n",
      "Average Delata:  0.012188374344218975\n",
      "Upper bound:  0.08000000000000002\n",
      "Generated epsilon-net with 135 points.\n",
      "Generated 10000 points on the unit sphere.\n",
      "Generated 10000 Gaussian samples.\n",
      "Covariance matrix:\n",
      " [[2.18813009 1.00591147 0.67878425]\n",
      " [1.00591147 0.98668768 1.44674694]\n",
      " [0.67878425 1.44674694 2.98813879]]\n",
      "Average Delata:  0.009800062395050841\n",
      "Upper bound:  0.08000000000000002\n",
      "Generated epsilon-net with 96 points.\n",
      "Generated 10000 points on the unit sphere.\n",
      "Generated 10000 Gaussian samples.\n",
      "Covariance matrix:\n",
      " [[ 0.86121191  1.81792506 -0.30647673]\n",
      " [ 1.81792506  3.975776   -1.10920349]\n",
      " [-0.30647673 -1.10920349  2.77628743]]\n",
      "Average Delata:  0.012191821692365618\n",
      "Upper bound:  0.125\n",
      "Generated epsilon-net with 96 points.\n",
      "Generated 10000 points on the unit sphere.\n",
      "Generated 10000 Gaussian samples.\n",
      "Covariance matrix:\n",
      " [[ 1.11622283 -1.06911491 -0.70974809]\n",
      " [-1.06911491  2.2304687   1.2189022 ]\n",
      " [-0.70974809  1.2189022   0.86524751]]\n",
      "Average Delata:  0.017714833045703624\n",
      "Upper bound:  0.125\n",
      "Generated epsilon-net with 96 points.\n",
      "Generated 10000 points on the unit sphere.\n",
      "Generated 10000 Gaussian samples.\n",
      "Covariance matrix:\n",
      " [[ 0.9452952  -1.39166342  0.50283443]\n",
      " [-1.39166342  4.39800486 -2.01709813]\n",
      " [ 0.50283443 -2.01709813  1.23428595]]\n",
      "Average Delata:  0.017321392581072226\n",
      "Upper bound:  0.125\n",
      "Generated epsilon-net with 70 points.\n",
      "Generated 10000 points on the unit sphere.\n",
      "Generated 10000 Gaussian samples.\n",
      "Covariance matrix:\n",
      " [[ 4.04324188  2.89547775 -2.76730913]\n",
      " [ 2.89547775  2.31103444 -2.17888523]\n",
      " [-2.76730913 -2.17888523  4.27804157]]\n",
      "Average Delata:  0.01802825631906414\n",
      "Upper bound:  0.18\n",
      "Generated epsilon-net with 70 points.\n",
      "Generated 10000 points on the unit sphere.\n",
      "Generated 10000 Gaussian samples.\n",
      "Covariance matrix:\n",
      " [[ 1.83219536  0.36572285 -0.21446961]\n",
      " [ 0.36572285  3.86821099 -3.3645885 ]\n",
      " [-0.21446961 -3.3645885   6.11438901]]\n",
      "Average Delata:  0.020136435489542782\n",
      "Upper bound:  0.18\n",
      "Generated epsilon-net with 70 points.\n",
      "Generated 10000 points on the unit sphere.\n",
      "Generated 10000 Gaussian samples.\n",
      "Covariance matrix:\n",
      " [[ 0.69602705  0.96533026 -0.73362648]\n",
      " [ 0.96533026  1.83728301 -1.02554522]\n",
      " [-0.73362648 -1.02554522  0.78227519]]\n",
      "Average Delata:  0.02290508779728536\n",
      "Upper bound:  0.18\n",
      "Generated epsilon-net with 48 points.\n",
      "Generated 10000 points on the unit sphere.\n",
      "Generated 10000 Gaussian samples.\n",
      "Covariance matrix:\n",
      " [[ 2.56675729  0.85098663 -0.2023526 ]\n",
      " [ 0.85098663  0.296016   -0.01414774]\n",
      " [-0.2023526  -0.01414774  0.2817497 ]]\n",
      "Average Delata:  0.05150342578365882\n",
      "Upper bound:  0.24500000000000005\n",
      "Generated epsilon-net with 48 points.\n",
      "Generated 10000 points on the unit sphere.\n",
      "Generated 10000 Gaussian samples.\n",
      "Covariance matrix:\n",
      " [[ 2.10135776 -1.61826508  1.07886581]\n",
      " [-1.61826508  1.99634485 -0.36922236]\n",
      " [ 1.07886581 -0.36922236  1.9434194 ]]\n",
      "Average Delata:  0.031063088408116356\n",
      "Upper bound:  0.24500000000000005\n",
      "Generated epsilon-net with 48 points.\n",
      "Generated 10000 points on the unit sphere.\n",
      "Generated 10000 Gaussian samples.\n",
      "Covariance matrix:\n",
      " [[ 4.51767259 -4.42535226  2.33827016]\n",
      " [-4.42535226  9.76197791 -9.88548034]\n",
      " [ 2.33827016 -9.88548034 12.32273124]]\n",
      "Average Delata:  0.027965343363461948\n",
      "Upper bound:  0.24500000000000005\n",
      "Generated epsilon-net with 35 points.\n",
      "Generated 10000 points on the unit sphere.\n",
      "Generated 10000 Gaussian samples.\n",
      "Covariance matrix:\n",
      " [[ 2.62445207 -0.28613776  1.0974487 ]\n",
      " [-0.28613776  1.86897838  1.26619049]\n",
      " [ 1.0974487   1.26619049  1.59028954]]\n",
      "Average Delata:  0.046253236934525564\n",
      "Upper bound:  0.32000000000000006\n",
      "Generated epsilon-net with 35 points.\n",
      "Generated 10000 points on the unit sphere.\n",
      "Generated 10000 Gaussian samples.\n",
      "Covariance matrix:\n",
      " [[ 3.45428216  1.3483557  -1.77940403]\n",
      " [ 1.3483557   0.65623737 -0.30595165]\n",
      " [-1.77940403 -0.30595165  4.96446671]]\n",
      "Average Delata:  0.0425392444959465\n",
      "Upper bound:  0.32000000000000006\n",
      "Generated epsilon-net with 35 points.\n",
      "Generated 10000 points on the unit sphere.\n",
      "Generated 10000 Gaussian samples.\n",
      "Covariance matrix:\n",
      " [[0.14021686 0.23271542 0.26808739]\n",
      " [0.23271542 1.65724817 0.23399451]\n",
      " [0.26808739 0.23399451 1.33347929]]\n",
      "Average Delata:  0.045295389837715555\n",
      "Upper bound:  0.32000000000000006\n",
      "Generated epsilon-net with 30 points.\n",
      "Generated 10000 points on the unit sphere.\n",
      "Generated 10000 Gaussian samples.\n",
      "Covariance matrix:\n",
      " [[ 2.64418931 -0.9814837   0.40697581]\n",
      " [-0.9814837   3.54268643 -0.36288952]\n",
      " [ 0.40697581 -0.36288952  0.48776494]]\n",
      "Average Delata:  0.061138963705429754\n",
      "Upper bound:  0.405\n",
      "Generated epsilon-net with 30 points.\n",
      "Generated 10000 points on the unit sphere.\n",
      "Generated 10000 Gaussian samples.\n",
      "Covariance matrix:\n",
      " [[ 0.96581115 -0.80306005  0.77782838]\n",
      " [-0.80306005  1.02635333 -0.404982  ]\n",
      " [ 0.77782838 -0.404982    7.20833663]]\n",
      "Average Delata:  0.042307175731911784\n",
      "Upper bound:  0.405\n",
      "Generated epsilon-net with 30 points.\n",
      "Generated 10000 points on the unit sphere.\n",
      "Generated 10000 Gaussian samples.\n",
      "Covariance matrix:\n",
      " [[ 3.26003005 -0.13939876 -0.6732723 ]\n",
      " [-0.13939876  3.38200834  2.30946795]\n",
      " [-0.6732723   2.30946795  1.74357752]]\n",
      "Average Delata:  0.06243020976589123\n",
      "Upper bound:  0.405\n",
      "Generated epsilon-net with 14641 points.\n",
      "Generated 10000 points on the unit sphere.\n",
      "Generated 10000 Gaussian samples.\n",
      "Covariance matrix:\n",
      " [[ 1.22282144  2.69605266  0.85609317 -0.99955983]\n",
      " [ 2.69605266 11.009241    3.56712122 -0.44038776]\n",
      " [ 0.85609317  3.56712122  1.49163128  0.94079865]\n",
      " [-0.99955983 -0.44038776  0.94079865  5.77122808]]\n",
      "Average Delata:  -0.0016549032379861576\n",
      "Upper bound:  0.005000000000000001\n",
      "Generated epsilon-net with 14641 points.\n",
      "Generated 10000 points on the unit sphere.\n",
      "Generated 10000 Gaussian samples.\n",
      "Covariance matrix:\n",
      " [[ 4.77944717 -2.99340845 -2.02045579 -0.7128632 ]\n",
      " [-2.99340845  9.95591809  3.48907276  6.51650756]\n",
      " [-2.02045579  3.48907276  3.9477165  -0.06457243]\n",
      " [-0.7128632   6.51650756 -0.06457243  6.43974613]]\n",
      "Average Delata:  -0.0006105352627227542\n",
      "Upper bound:  0.005000000000000001\n",
      "Generated epsilon-net with 14641 points.\n",
      "Generated 10000 points on the unit sphere.\n",
      "Generated 10000 Gaussian samples.\n",
      "Covariance matrix:\n",
      " [[ 7.00561398  2.16331448 -3.72050374  0.09133725]\n",
      " [ 2.16331448  2.53528279 -2.59014074  0.7477417 ]\n",
      " [-3.72050374 -2.59014074  4.62725481  0.13171409]\n",
      " [ 0.09133725  0.7477417   0.13171409  1.56691   ]]\n",
      "Average Delata:  -0.0010262767997290096\n",
      "Upper bound:  0.005000000000000001\n",
      "Generated epsilon-net with 1296 points.\n",
      "Generated 10000 points on the unit sphere.\n",
      "Generated 10000 Gaussian samples.\n",
      "Covariance matrix:\n",
      " [[ 7.04342567  2.84249526  5.03837235 -1.90873717]\n",
      " [ 2.84249526  5.50434898  3.20212726  1.96990432]\n",
      " [ 5.03837235  3.20212726  5.78869789  1.98244463]\n",
      " [-1.90873717  1.96990432  1.98244463  6.55860131]]\n",
      "Average Delata:  0.007370453490658487\n",
      "Upper bound:  0.020000000000000004\n",
      "Generated epsilon-net with 1296 points.\n",
      "Generated 10000 points on the unit sphere.\n",
      "Generated 10000 Gaussian samples.\n",
      "Covariance matrix:\n",
      " [[ 8.50461647 -0.69318729 -3.26463073  0.25918009]\n",
      " [-0.69318729  2.96248471  3.01007633 -0.14374522]\n",
      " [-3.26463073  3.01007633  4.67296827 -1.05614864]\n",
      " [ 0.25918009 -0.14374522 -1.05614864  1.2201212 ]]\n",
      "Average Delata:  0.007284168043840771\n",
      "Upper bound:  0.020000000000000004\n",
      "Generated epsilon-net with 1296 points.\n",
      "Generated 10000 points on the unit sphere.\n",
      "Generated 10000 Gaussian samples.\n",
      "Covariance matrix:\n",
      " [[ 1.92971887  0.94301565 -0.49804627 -0.31611997]\n",
      " [ 0.94301565  6.55587584 -3.28969423  2.76250095]\n",
      " [-0.49804627 -3.28969423  2.07028869 -0.95699704]\n",
      " [-0.31611997  2.76250095 -0.95699704  2.81392779]]\n",
      "Average Delata:  0.00723350893117134\n",
      "Upper bound:  0.020000000000000004\n",
      "Generated epsilon-net with 352 points.\n",
      "Generated 10000 points on the unit sphere.\n",
      "Generated 10000 Gaussian samples.\n",
      "Covariance matrix:\n",
      " [[ 2.36888288  0.8584135   2.0036232  -0.97451608]\n",
      " [ 0.8584135   0.62181679 -0.32369873  0.13059275]\n",
      " [ 2.0036232  -0.32369873  6.8661723  -1.99725859]\n",
      " [-0.97451608  0.13059275 -1.99725859  1.44955859]]\n",
      "Average Delata:  0.027518863299911652\n",
      "Upper bound:  0.04500000000000001\n",
      "Generated epsilon-net with 352 points.\n",
      "Generated 10000 points on the unit sphere.\n",
      "Generated 10000 Gaussian samples.\n",
      "Covariance matrix:\n",
      " [[ 3.53128478 -1.10846776  3.50342402 -1.2575308 ]\n",
      " [-1.10846776  2.23772968  0.25687805  0.61862918]\n",
      " [ 3.50342402  0.25687805  4.93874406  0.50737821]\n",
      " [-1.2575308   0.61862918  0.50737821  6.55919648]]\n",
      "Average Delata:  0.020725309855874372\n",
      "Upper bound:  0.04500000000000001\n",
      "Generated epsilon-net with 352 points.\n",
      "Generated 10000 points on the unit sphere.\n",
      "Generated 10000 Gaussian samples.\n",
      "Covariance matrix:\n",
      " [[ 1.64167101  0.66824075  1.84978833 -1.9724138 ]\n",
      " [ 0.66824075  3.68999122  4.05776195 -1.42093469]\n",
      " [ 1.84978833  4.05776195  7.21194064 -5.00561755]\n",
      " [-1.9724138  -1.42093469 -5.00561755  5.77337962]]\n",
      "Average Delata:  0.021834082211217687\n",
      "Upper bound:  0.04500000000000001\n",
      "Generated epsilon-net with 150 points.\n",
      "Generated 10000 points on the unit sphere.\n",
      "Generated 10000 Gaussian samples.\n",
      "Covariance matrix:\n",
      " [[ 1.50355174  0.87279006  0.43563727 -0.09483422]\n",
      " [ 0.87279006  2.19882177  0.61336279  0.84614592]\n",
      " [ 0.43563727  0.61336279  3.92171535 -0.79841527]\n",
      " [-0.09483422  0.84614592 -0.79841527  2.35260266]]\n",
      "Average Delata:  0.03943839430874661\n",
      "Upper bound:  0.08000000000000002\n",
      "Generated epsilon-net with 150 points.\n",
      "Generated 10000 points on the unit sphere.\n",
      "Generated 10000 Gaussian samples.\n",
      "Covariance matrix:\n",
      " [[10.42385004  0.16512868 -1.29278364  4.16215208]\n",
      " [ 0.16512868  2.06918811  0.49218963  1.58541768]\n",
      " [-1.29278364  0.49218963  0.69839432  0.33640249]\n",
      " [ 4.16215208  1.58541768  0.33640249  3.33003022]]\n",
      "Average Delata:  0.044179146399377235\n",
      "Upper bound:  0.08000000000000002\n",
      "Generated epsilon-net with 150 points.\n",
      "Generated 10000 points on the unit sphere.\n",
      "Generated 10000 Gaussian samples.\n",
      "Covariance matrix:\n",
      " [[ 0.60394478 -0.7589236   1.02346422  0.35786961]\n",
      " [-0.7589236   5.37251272 -2.22288482  0.80189835]\n",
      " [ 1.02346422 -2.22288482  3.46981859  1.72395279]\n",
      " [ 0.35786961  0.80189835  1.72395279  2.80679564]]\n",
      "Average Delata:  0.04496248624180302\n",
      "Upper bound:  0.08000000000000002\n",
      "Generated epsilon-net with 81 points.\n",
      "Generated 10000 points on the unit sphere.\n",
      "Generated 10000 Gaussian samples.\n",
      "Covariance matrix:\n",
      " [[ 6.58215564 -1.25548585  1.21129666  2.07859866]\n",
      " [-1.25548585  1.8687181   0.62631039 -1.02389662]\n",
      " [ 1.21129666  0.62631039  1.51010489  0.57748854]\n",
      " [ 2.07859866 -1.02389662  0.57748854  2.31424763]]\n",
      "Average Delata:  0.06657729497867393\n",
      "Upper bound:  0.125\n",
      "Generated epsilon-net with 81 points.\n",
      "Generated 10000 points on the unit sphere.\n",
      "Generated 10000 Gaussian samples.\n",
      "Covariance matrix:\n",
      " [[ 6.00334956 -1.66509321 -0.27557379 -3.32087092]\n",
      " [-1.66509321  0.8224844  -0.60415763  2.11793307]\n",
      " [-0.27557379 -0.60415763  9.51043391 -2.74285433]\n",
      " [-3.32087092  2.11793307 -2.74285433  5.95516295]]\n",
      "Average Delata:  0.06115079785060374\n",
      "Upper bound:  0.125\n",
      "Generated epsilon-net with 81 points.\n",
      "Generated 10000 points on the unit sphere.\n",
      "Generated 10000 Gaussian samples.\n",
      "Covariance matrix:\n",
      " [[ 1.52088411  2.16670262 -1.60025456  1.17418538]\n",
      " [ 2.16670262  6.51188841 -2.21718548  1.64785722]\n",
      " [-1.60025456 -2.21718548  3.54495555 -4.38441408]\n",
      " [ 1.17418538  1.64785722 -4.38441408  6.29402667]]\n",
      "Average Delata:  0.05868967927113755\n",
      "Upper bound:  0.125\n",
      "Generated epsilon-net with 50 points.\n",
      "Generated 10000 points on the unit sphere.\n",
      "Generated 10000 Gaussian samples.\n",
      "Covariance matrix:\n",
      " [[ 5.54961421 -1.2058707  -1.52315431 -0.94987899]\n",
      " [-1.2058707   2.61214025 -0.23239673  0.7781977 ]\n",
      " [-1.52315431 -0.23239673  2.66263283  1.56691397]\n",
      " [-0.94987899  0.7781977   1.56691397  2.53862787]]\n",
      "Average Delata:  0.09261340344112463\n",
      "Upper bound:  0.18\n",
      "Generated epsilon-net with 50 points.\n",
      "Generated 10000 points on the unit sphere.\n",
      "Generated 10000 Gaussian samples.\n",
      "Covariance matrix:\n",
      " [[ 0.96882546 -0.85113611 -0.25232929  0.18973796]\n",
      " [-0.85113611  4.8538576   0.32073376  1.67424325]\n",
      " [-0.25232929  0.32073376  2.02515033  0.05298395]\n",
      " [ 0.18973796  1.67424325  0.05298395  0.8805842 ]]\n",
      "Average Delata:  0.10486530809506556\n",
      "Upper bound:  0.18\n",
      "Generated epsilon-net with 50 points.\n",
      "Generated 10000 points on the unit sphere.\n",
      "Generated 10000 Gaussian samples.\n",
      "Covariance matrix:\n",
      " [[ 3.4496744   1.25185505  2.10159587 -1.19822302]\n",
      " [ 1.25185505  4.27177282  0.89955618 -0.85570992]\n",
      " [ 2.10159587  0.89955618  6.8308389  -0.9776774 ]\n",
      " [-1.19822302 -0.85570992 -0.9776774   1.80784523]]\n",
      "Average Delata:  0.09244994846561078\n",
      "Upper bound:  0.18\n",
      "Generated epsilon-net with 34 points.\n",
      "Generated 10000 points on the unit sphere.\n",
      "Generated 10000 Gaussian samples.\n",
      "Covariance matrix:\n",
      " [[ 2.89878855  1.33239758 -2.59677227 -0.74872691]\n",
      " [ 1.33239758  4.96895045  0.82829233 -1.33139727]\n",
      " [-2.59677227  0.82829233  7.07994923  2.71839952]\n",
      " [-0.74872691 -1.33139727  2.71839952  3.36645396]]\n",
      "Average Delata:  0.11506205984002814\n",
      "Upper bound:  0.24500000000000005\n",
      "Generated epsilon-net with 34 points.\n",
      "Generated 10000 points on the unit sphere.\n",
      "Generated 10000 Gaussian samples.\n",
      "Covariance matrix:\n",
      " [[ 1.47655947 -0.20041998  0.59922448  0.19913225]\n",
      " [-0.20041998  0.65043515  0.20112235 -1.46180054]\n",
      " [ 0.59922448  0.20112235  0.89203278  1.1769228 ]\n",
      " [ 0.19913225 -1.46180054  1.1769228   9.60435491]]\n",
      "Average Delata:  0.11173269381840396\n",
      "Upper bound:  0.24500000000000005\n",
      "Generated epsilon-net with 34 points.\n",
      "Generated 10000 points on the unit sphere.\n",
      "Generated 10000 Gaussian samples.\n",
      "Covariance matrix:\n",
      " [[ 2.08406207  0.34917175 -0.05824268 -0.61325624]\n",
      " [ 0.34917175  7.12055238  6.20253195 -0.15397936]\n",
      " [-0.05824268  6.20253195  9.1574914   1.2133261 ]\n",
      " [-0.61325624 -0.15397936  1.2133261   0.67550619]]\n",
      "Average Delata:  0.13640852338863338\n",
      "Upper bound:  0.24500000000000005\n",
      "Generated epsilon-net with 25 points.\n",
      "Generated 10000 points on the unit sphere.\n",
      "Generated 10000 Gaussian samples.\n",
      "Covariance matrix:\n",
      " [[ 1.18090104 -0.03976597  1.70827643  0.44113365]\n",
      " [-0.03976597  3.50535266  0.33709932 -0.27424971]\n",
      " [ 1.70827643  0.33709932  3.83895243  0.21803046]\n",
      " [ 0.44113365 -0.27424971  0.21803046  8.68359479]]\n",
      "Average Delata:  0.14898829362459587\n",
      "Upper bound:  0.32000000000000006\n",
      "Generated epsilon-net with 25 points.\n",
      "Generated 10000 points on the unit sphere.\n",
      "Generated 10000 Gaussian samples.\n",
      "Covariance matrix:\n",
      " [[5.83132394 0.56254977 2.24487863 1.88999012]\n",
      " [0.56254977 1.82561996 0.4404954  1.53256698]\n",
      " [2.24487863 0.4404954  1.53190723 0.85607647]\n",
      " [1.88999012 1.53256698 0.85607647 1.72096515]]\n",
      "Average Delata:  0.19111923379675927\n",
      "Upper bound:  0.32000000000000006\n",
      "Generated epsilon-net with 25 points.\n",
      "Generated 10000 points on the unit sphere.\n",
      "Generated 10000 Gaussian samples.\n",
      "Covariance matrix:\n",
      " [[ 7.06227517  0.04954245 -0.58398361 -0.01483584]\n",
      " [ 0.04954245  1.71151617 -0.98622411 -0.24757971]\n",
      " [-0.58398361 -0.98622411  4.26827952  2.75039155]\n",
      " [-0.01483584 -0.24757971  2.75039155  3.15580575]]\n",
      "Average Delata:  0.1474780868922528\n",
      "Upper bound:  0.32000000000000006\n",
      "Generated epsilon-net with 19 points.\n",
      "Generated 10000 points on the unit sphere.\n",
      "Generated 10000 Gaussian samples.\n",
      "Covariance matrix:\n",
      " [[ 8.57474858 -3.75509451  1.14373837  1.78732496]\n",
      " [-3.75509451  3.75829099 -3.5803572  -1.53177914]\n",
      " [ 1.14373837 -3.5803572   4.74795689  1.31763725]\n",
      " [ 1.78732496 -1.53177914  1.31763725  1.09034567]]\n",
      "Average Delata:  0.16901746797412834\n",
      "Upper bound:  0.405\n",
      "Generated epsilon-net with 19 points.\n",
      "Generated 10000 points on the unit sphere.\n",
      "Generated 10000 Gaussian samples.\n",
      "Covariance matrix:\n",
      " [[ 7.16026659 -2.12675719  0.84272813  2.30133266]\n",
      " [-2.12675719  7.14031283 -0.10204171  1.98529745]\n",
      " [ 0.84272813 -0.10204171  2.33531862  0.77387247]\n",
      " [ 2.30133266  1.98529745  0.77387247  2.33396842]]\n",
      "Average Delata:  0.17596515886712166\n",
      "Upper bound:  0.405\n",
      "Generated epsilon-net with 19 points.\n",
      "Generated 10000 points on the unit sphere.\n",
      "Generated 10000 Gaussian samples.\n",
      "Covariance matrix:\n",
      " [[ 2.45044745 -1.26520923 -1.28323329 -0.06725674]\n",
      " [-1.26520923  3.15051752  1.2884642  -0.03073566]\n",
      " [-1.28323329  1.2884642   1.49291647  0.08601875]\n",
      " [-0.06725674 -0.03073566  0.08601875  0.72480374]]\n",
      "Average Delata:  0.16728458393883147\n",
      "Upper bound:  0.405\n",
      "Generated epsilon-net with 161051 points.\n",
      "Generated 10000 points on the unit sphere.\n",
      "Generated 10000 Gaussian samples.\n",
      "Covariance matrix:\n",
      " [[ 3.81475728 -4.46741522 -0.87221558  1.85568723 -3.91377476]\n",
      " [-4.46741522  8.61301005  0.47725517 -1.65501423  5.53024735]\n",
      " [-0.87221558  0.47725517  3.39450023 -0.68296069 -0.56265335]\n",
      " [ 1.85568723 -1.65501423 -0.68296069  4.57472396 -3.81837396]\n",
      " [-3.91377476  5.53024735 -0.56265335 -3.81837396  7.5851279 ]]\n",
      "Average Delata:  -0.008469763734294087\n",
      "Upper bound:  0.005000000000000001\n",
      "Generated epsilon-net with 161051 points.\n",
      "Generated 10000 points on the unit sphere.\n",
      "Generated 10000 Gaussian samples.\n",
      "Covariance matrix:\n",
      " [[ 0.77504544 -0.23911934  1.4541148  -0.25463029  0.06614956]\n",
      " [-0.23911934  4.31067551 -2.97315592 -0.07101127 -2.03780599]\n",
      " [ 1.4541148  -2.97315592  5.8828919  -1.96881522  0.36809561]\n",
      " [-0.25463029 -0.07101127 -1.96881522  3.99312602  0.58094998]\n",
      " [ 0.06614956 -2.03780599  0.36809561  0.58094998  1.68812245]]\n",
      "Average Delata:  -0.009798845210537428\n",
      "Upper bound:  0.005000000000000001\n",
      "Generated epsilon-net with 161051 points.\n",
      "Generated 10000 points on the unit sphere.\n",
      "Generated 10000 Gaussian samples.\n",
      "Covariance matrix:\n",
      " [[ 1.21553261 -0.79646373  0.33522396  0.51202657 -0.75588846]\n",
      " [-0.79646373  2.80041357 -2.45166517  0.86578685  1.35858742]\n",
      " [ 0.33522396 -2.45166517  3.40754846 -2.07168203 -1.36074683]\n",
      " [ 0.51202657  0.86578685 -2.07168203  3.56518704  3.08403094]\n",
      " [-0.75588846  1.35858742 -1.36074683  3.08403094  5.19651558]]\n",
      "Average Delata:  -0.008335130368088308\n",
      "Upper bound:  0.005000000000000001\n",
      "Generated epsilon-net with 7776 points.\n",
      "Generated 10000 points on the unit sphere.\n",
      "Generated 10000 Gaussian samples.\n",
      "Covariance matrix:\n",
      " [[ 0.48033942 -0.51470785 -1.06132276 -0.82141818 -0.46145978]\n",
      " [-0.51470785  7.47491851  3.4519545   3.41816321 -1.67474893]\n",
      " [-1.06132276  3.4519545   3.86276507  3.44234732  2.69560928]\n",
      " [-0.82141818  3.41816321  3.44234732  3.71149702  1.74093972]\n",
      " [-0.46145978 -1.67474893  2.69560928  1.74093972 10.03427023]]\n",
      "Average Delata:  -0.0015015572334897537\n",
      "Upper bound:  0.020000000000000004\n",
      "Generated epsilon-net with 7776 points.\n",
      "Generated 10000 points on the unit sphere.\n",
      "Generated 10000 Gaussian samples.\n",
      "Covariance matrix:\n",
      " [[10.95298773  5.46170787  5.0093402  -2.24079277 -2.30138089]\n",
      " [ 5.46170787  3.9933829   3.47630955  1.14271289 -3.0791254 ]\n",
      " [ 5.0093402   3.47630955  3.80375352  1.55745522 -2.56421506]\n",
      " [-2.24079277  1.14271289  1.55745522  6.26323881 -2.63419076]\n",
      " [-2.30138089 -3.0791254  -2.56421506 -2.63419076  3.60615638]]\n",
      "Average Delata:  0.0003670425086143512\n",
      "Upper bound:  0.020000000000000004\n",
      "Generated epsilon-net with 7776 points.\n",
      "Generated 10000 points on the unit sphere.\n",
      "Generated 10000 Gaussian samples.\n",
      "Covariance matrix:\n",
      " [[ 4.5979941  -1.59424092  2.72559402 -1.28204788 -1.47426052]\n",
      " [-1.59424092  2.92903011  1.85406987  0.20836645  2.04184176]\n",
      " [ 2.72559402  1.85406987  8.53894555 -1.10641601  1.76406971]\n",
      " [-1.28204788  0.20836645 -1.10641601  0.71790774 -0.1076253 ]\n",
      " [-1.47426052  2.04184176  1.76406971 -0.1076253   2.05368763]]\n",
      "Average Delata:  -0.0011190359976650207\n",
      "Upper bound:  0.020000000000000004\n",
      "Generated epsilon-net with 1527 points.\n",
      "Generated 10000 points on the unit sphere.\n",
      "Generated 10000 Gaussian samples.\n",
      "Covariance matrix:\n",
      " [[ 1.05539021  1.5043282   0.10581194 -1.56366976  2.16329379]\n",
      " [ 1.5043282   6.19359817  1.9478537  -2.30717168  4.30581226]\n",
      " [ 0.10581194  1.9478537   1.4632608  -1.15493759  0.18524094]\n",
      " [-1.56366976 -2.30717168 -1.15493759  4.99264414 -2.23785938]\n",
      " [ 2.16329379  4.30581226  0.18524094 -2.23785938  5.61380231]]\n",
      "Average Delata:  0.015557350361493144\n",
      "Upper bound:  0.04500000000000001\n",
      "Generated epsilon-net with 1527 points.\n",
      "Generated 10000 points on the unit sphere.\n",
      "Generated 10000 Gaussian samples.\n",
      "Covariance matrix:\n",
      " [[ 6.54657809  0.28297473 -4.45573399  1.53530882  4.20066396]\n",
